WG size of kernel 1 = 64, WG size of kernel 2= 4 X 4
Read file from data/gaussian/matrix4.txt 
Before:
L(m):
    0.00     0.00     0.00     0.00 
    0.00     0.00     0.00     0.00 
    0.00     0.00     0.00     0.00 
    0.00     0.00     0.00     0.00 

U(a):
   -0.60    -0.50     0.70     0.30 
   -0.30    -0.90     0.30     0.70 
   -0.40    -0.50    -0.30    -0.80 
    0.00    -0.10     0.20     0.90 

b:
-0.85 -0.68 0.24 -0.53 

After:
L(m):
    0.00     0.00     0.00     0.00 
    0.50     0.00     0.00     0.00 
    0.67     0.00     0.00     0.00 
   -0.00     0.00     0.00     0.00 

U(a):
   -0.60    -0.50     0.70     0.30 
    0.00    -0.65    -0.05     0.55 
   -0.00    -0.17    -0.77    -1.00 
    0.00    -0.10     0.20     0.90 

b:
-0.85 -0.25 0.81 -0.53 

Before:
L(m):
    0.00     0.00     0.00     0.00 
    0.50     0.00     0.00     0.00 
    0.67     0.00     0.00     0.00 
   -0.00     0.00     0.00     0.00 

U(a):
   -0.60    -0.50     0.70     0.30 
    0.00    -0.65    -0.05     0.55 
   -0.00    -0.17    -0.77    -1.00 
    0.00    -0.10     0.20     0.90 

b:
-0.85 -0.25 0.81 -0.53 

After:
L(m):
    0.00     0.00     0.00     0.00 
    0.50     0.00     0.00     0.00 
    0.67     0.26     0.00     0.00 
   -0.00     0.15     0.00     0.00 

U(a):
   -0.60    -0.50     0.70     0.30 
    0.00    -0.65    -0.05     0.55 
   -0.00     0.00    -0.75    -1.14 
    0.00    -0.00     0.21     0.82 

b:
-0.85 -0.25 0.87 -0.49 

Before:
L(m):
    0.00     0.00     0.00     0.00 
    0.50     0.00     0.00     0.00 
    0.67     0.26     0.00     0.00 
   -0.00     0.15     0.00     0.00 

U(a):
   -0.60    -0.50     0.70     0.30 
    0.00    -0.65    -0.05     0.55 
   -0.00     0.00    -0.75    -1.14 
    0.00    -0.00     0.21     0.82 

b:
-0.85 -0.25 0.87 -0.49 

After:
L(m):
    0.00     0.00     0.00     0.00 
    0.50     0.00     0.00     0.00 
    0.67     0.26     0.00     0.00 
   -0.00     0.15    -0.28     0.00 

U(a):
   -0.60    -0.50     0.70     0.30 
    0.00    -0.65    -0.05     0.55 
   -0.00     0.00    -0.75    -1.14 
    0.00    -0.00     0.00     0.50 

b:
-0.85 -0.25 0.87 -0.25 


Time total (including memory transfers) 0.316249 sec
Time for CUDA kernels:  0.002998 sec